function mpc = IEEE118
mpc.version = "2";
mpc.baseMVA = 100.0;

%% bus data
%	bus_i type Pd Qd Gs Bs area Vm Va baseKV zone Vmax Vmin
mpc.bus = [
     1  1    51.000    27.000     0.000     0.000   1  1.0000  0.0000 138.000   1  1.100  0.900;
     2  1    20.000     9.000     0.000     0.000   1  1.0000  0.0000 138.000   1  1.100  0.900;
     3  1    39.000    10.000     0.000     0.000   1  1.0000  0.0000 138.000   1  1.100  0.900;
     4  1    39.000    12.000     0.000     0.000   1  1.0000  0.0000 138.000   1  1.100  0.900;
     5  1     0.000     0.000     0.000   -40.000   1  1.0000  0.0000 138.000   1  1.100  0.900;
     6  1    52.000    22.000     0.000     0.000   1  1.0000  0.0000 138.000   1  1.100  0.900;
     7  1    19.000     2.000     0.000     0.000   1  1.0000  0.0000 138.000   1  1.100  0.900;
     8  1    28.000     0.000     0.000     0.000   1  1.0000  0.0000 345.000   1  1.100  0.900;
     9  1     0.000     0.000     0.000     0.000   1  1.0000  0.0000 345.000   1  1.100  0.900;
    10  1     0.000     0.000     0.000     0.000   1  1.0000  0.0000 345.000   1  1.100  0.900;
    11  1    70.000    23.000     0.000     0.000   1  1.0000  0.0000 138.000   1  1.100  0.900;
    12  1    47.000    10.000     0.000     0.000   1  1.0000  0.0000 138.000   1  1.100  0.900;
    13  1    34.000    16.000     0.000     0.000   1  1.0000  0.0000 138.000   1  1.100  0.900;
    14  1    14.000     1.000     0.000     0.000   1  1.0000  0.0000 138.000   1  1.100  0.900;
    15  1    90.000    30.000     0.000     0.000   1  1.0000  0.0000 138.000   1  1.100  0.900;
    16  1    25.000    10.000     0.000     0.000   1  1.0000  0.0000 138.000   1  1.100  0.900;
    17  1    11.000     3.000     0.000     0.000   1  1.0000  0.0000 138.000   1  1.100  0.900;
    18  1    60.000    34.000     0.000     0.000   1  1.0000  0.0000 138.000   1  1.100  0.900;
    19  1    45.000    25.000     0.000     0.000   1  1.0000  0.0000 138.000   1  1.100  0.900;
    20  1    18.000     3.000     0.000     0.000   1  1.0000  0.0000 138.000   1  1.100  0.900;
    21  1    14.000     8.000     0.000     0.000   1  1.0000  0.0000 138.000   1  1.100  0.900;
    22  1    10.000     5.000     0.000     0.000   1  1.0000  0.0000 138.000   1  1.100  0.900;
    23  1     7.000     3.000     0.000     0.000   1  1.0000  0.0000 138.000   1  1.100  0.900;
    24  1    13.000     0.000     0.000     0.000   1  1.0000  0.0000 138.000   1  1.100  0.900;
    25  1     0.000     0.000     0.000     0.000   1  1.0000  0.0000 138.000   1  1.100  0.900;
    26  1     0.000     0.000     0.000     0.000   1  1.0000  0.0000 345.000   1  1.100  0.900;
    27  1    71.000    13.000     0.000     0.000   1  1.0000  0.0000 138.000   1  1.100  0.900;
    28  1    17.000     7.000     0.000     0.000   1  1.0000  0.0000 138.000   1  1.100  0.900;
    29  1    24.000     4.000     0.000     0.000   1  1.0000  0.0000 138.000   1  1.100  0.900;
    30  1     0.000     0.000     0.000     0.000   1  1.0000  0.0000 345.000   1  1.100  0.900;
    31  1    43.000    27.000     0.000     0.000   1  1.0000  0.0000 138.000   1  1.100  0.900;
    32  1    59.000    23.000     0.000     0.000   1  1.0000  0.0000 138.000   1  1.100  0.900;
    33  1    23.000     9.000     0.000     0.000   1  1.0000  0.0000 138.000   1  1.100  0.900;
    34  1    59.000    26.000     0.000    14.000   1  1.0000  0.0000 138.000   1  1.100  0.900;
    35  1    33.000     9.000     0.000     0.000   1  1.0000  0.0000 138.000   1  1.100  0.900;
    36  1    31.000    17.000     0.000     0.000   1  1.0000  0.0000 138.000   1  1.100  0.900;
    37  1     0.000     0.000     0.000   -25.000   1  1.0000  0.0000 138.000   1  1.100  0.900;
    38  1     0.000     0.000     0.000     0.000   1  1.0000  0.0000 345.000   1  1.100  0.900;
    39  1    27.000    11.000     0.000     0.000   1  1.0000  0.0000 138.000   1  1.100  0.900;
    40  1    66.000    23.000     0.000     0.000   1  1.0000  0.0000 138.000   1  1.100  0.900;
    41  1    37.000    10.000     0.000     0.000   1  1.0000  0.0000 138.000   1  1.100  0.900;
    42  1    96.000    23.000     0.000     0.000   1  1.0000  0.0000 138.000   1  1.100  0.900;
    43  1    18.000     7.000     0.000     0.000   1  1.0000  0.0000 138.000   1  1.100  0.900;
    44  1    16.000     8.000     0.000    10.000   1  1.0000  0.0000 138.000   1  1.100  0.900;
    45  1    53.000    22.000     0.000    10.000   1  1.0000  0.0000 138.000   1  1.100  0.900;
    46  1    28.000    10.000     0.000    10.000   1  1.0000  0.0000 138.000   1  1.100  0.900;
    47  1    34.000     0.000     0.000     0.000   1  1.0000  0.0000 138.000   1  1.100  0.900;
    48  1    20.000    11.000     0.000    15.000   1  1.0000  0.0000 138.000   1  1.100  0.900;
    49  1    87.000    30.000     0.000     0.000   1  1.0000  0.0000 138.000   1  1.100  0.900;
    50  1    17.000     4.000     0.000     0.000   1  1.0000  0.0000 138.000   1  1.100  0.900;
    51  1    17.000     8.000     0.000     0.000   1  1.0000  0.0000 138.000   1  1.100  0.900;
    52  1    18.000     5.000     0.000     0.000   1  1.0000  0.0000 138.000   1  1.100  0.900;
    53  1    23.000    11.000     0.000     0.000   1  1.0000  0.0000 138.000   1  1.100  0.900;
    54  1   113.000    32.000     0.000     0.000   1  1.0000  0.0000 138.000   1  1.100  0.900;
    55  1    63.000    22.000     0.000     0.000   1  1.0000  0.0000 138.000   1  1.100  0.900;
    56  1    84.000    18.000     0.000     0.000   1  1.0000  0.0000 138.000   1  1.100  0.900;
    57  1    12.000     3.000     0.000     0.000   1  1.0000  0.0000 138.000   1  1.100  0.900;
    58  1    12.000     3.000     0.000     0.000   1  1.0000  0.0000 138.000   1  1.100  0.900;
    59  1   277.000   113.000     0.000     0.000   1  1.0000  0.0000 138.000   1  1.100  0.900;
    60  1    78.000     3.000     0.000     0.000   1  1.0000  0.0000 138.000   1  1.100  0.900;
    61  1     0.000     0.000     0.000     0.000   1  1.0000  0.0000 138.000   1  1.100  0.900;
    62  1    77.000    14.000     0.000     0.000   1  1.0000  0.0000 138.000   1  1.100  0.900;
    63  1     0.000     0.000     0.000     0.000   1  1.0000  0.0000 345.000   1  1.100  0.900;
    64  1     0.000     0.000     0.000     0.000   1  1.0000  0.0000 345.000   1  1.100  0.900;
    65  1     0.000     0.000     0.000     0.000   1  1.0000  0.0000 345.000   1  1.100  0.900;
    66  1    39.000    18.000     0.000     0.000   1  1.0000  0.0000 138.000   1  1.100  0.900;
    67  1    28.000     7.000     0.000     0.000   1  1.0000  0.0000 138.000   1  1.100  0.900;
    68  1     0.000     0.000     0.000     0.000   1  1.0000  0.0000 345.000   1  1.100  0.900;
    69  1     0.000     0.000     0.000     0.000   1  1.0000  0.0000 138.000   1  1.100  0.900;
    70  1    66.000    20.000     0.000     0.000   1  1.0000  0.0000 138.000   1  1.100  0.900;
    71  1     0.000     0.000     0.000     0.000   1  1.0000  0.0000 138.000   1  1.100  0.900;
    72  1    12.000     0.000     0.000     0.000   1  1.0000  0.0000 138.000   1  1.100  0.900;
    73  1     6.000     0.000     0.000     0.000   1  1.0000  0.0000 138.000   1  1.100  0.900;
    74  1    68.000    27.000     0.000    12.000   1  1.0000  0.0000 138.000   1  1.100  0.900;
    75  1    47.000    11.000     0.000     0.000   1  1.0000  0.0000 138.000   1  1.100  0.900;
    76  1    68.000    36.000     0.000     0.000   1  1.0000  0.0000 138.000   1  1.100  0.900;
    77  1    61.000    28.000     0.000     0.000   1  1.0000  0.0000 138.000   1  1.100  0.900;
    78  1    71.000    26.000     0.000     0.000   1  1.0000  0.0000 138.000   1  1.100  0.900;
    79  1    39.000    32.000     0.000    20.000   1  1.0000  0.0000 138.000   1  1.100  0.900;
    80  1   130.000    26.000     0.000     0.000   1  1.0000  0.0000 138.000   1  1.100  0.900;
