function mpc = WECC240
mpc.version = "2";
mpc.baseMVA = 100.0;

%% bus data
%	bus_i type Pd Qd Gs Bs area Vm Va baseKV zone Vmax Vmin
mpc.bus = [
     1  1     0.000     0.000     0.000     0.000   1  1.0000  0.0000 500.000   1  1.100  0.900;
     2  1   223.710   583.546     0.000     0.000   1  1.0000  0.0000 345.000   1  1.100  0.900;
     3  1  2212.664  -387.354     0.000     0.000   1  1.0000  0.0000 230.000   1  1.100  0.900;
     4  1  1007.718    -5.204     0.000     0.000   1  1.0000  0.0000 345.000   1  1.100  0.900;
     5  2     0.000     0.000     0.000     0.000   1  1.0000  0.0000  20.000   1  1.100  0.900;
     6  2     0.000     0.000     0.000     0.000   1  1.0000  0.0000  20.000   1  1.100  0.900;
     7  1  4482.541   134.344     0.000     0.000   1  1.0000  0.0000 500.000   1  1.100  0.900;
     8  1   179.873   -23.907     0.000     0.000   1  1.0000  0.0000 345.000   1  1.100  0.900;
     9  2     0.000     0.000     0.000     0.000   1  1.0000  0.0000  20.000   1  1.100  0.900;
    10  1   153.984     1.711     0.000     0.000   1  1.0000  0.0000 500.000   1  1.100  0.900;
    11  1   810.750  -246.169     0.000     0.000   1  1.0000  0.0000 500.000   1  1.100  0.900;
    12  2     0.000     0.000     0.000     0.000   1  1.0000  0.0000  20.000   1  1.100  0.900;
    13  1  2588.305  -323.093     0.000     0.000   1  1.0000  0.0000 500.000   1  1.100  0.900;
    14  1    17.088    -2.183     0.000     0.000   1  1.0000  0.0000 500.000   1  1.100  0.900;
    15  1  6204.116  -805.276     0.000     0.000   1  1.0000  0.0000 345.000   1  1.100  0.900;
    16  2     0.000     0.000     0.000     0.000   1  1.0000  0.0000  20.000   1  1.100  0.900;
    17  2     0.000     0.000     0.000     0.000   1  1.0000  0.0000  20.000   1  1.100  0.900;
    18  1  6314.529 -1423.225     0.000     0.000   1  1.0000  0.0000 500.000   1  1.100  0.900;
    19  1  5074.202   536.538     0.000     0.000   1  1.0000  0.0000 500.000   1  1.100  0.900;
    20  1     0.000     0.000     0.000     0.000   1  1.0000  0.0000 230.000   1  1.100  0.900;
    21  2     0.000     0.000     0.000     0.000   1  1.0000  0.0000  20.000   1  1.100  0.900;
    22  1  2207.188  -287.916     0.000     0.000   1  1.0000  0.0000 230.000   1  1.100  0.900;
    23  2     0.000     0.000     0.000     0.000   1  1.0000  0.0000  20.000   1  1.100  0.900;
    24  1   244.479   -46.066     0.000     0.000   1  1.0000  0.0000 230.000   1  1.100  0.900;
    25  2     0.000     0.000     0.000     0.000   1  1.0000  0.0000  20.000   1  1.100  0.900;
    26  1     0.000     0.000     0.000     0.000   1  1.0000  0.0000 500.000   1  1.100  0.900;
    27  1  1413.957  -249.625     0.000     0.000   1  1.0000  0.0000 230.000   1  1.100  0.900;
    28  1  1530.047  -247.960     0.000     0.000   1  1.0000  0.0000 230.000   1  1.100  0.900;
    29  2     0.000     0.000     0.000     0.000   1  1.0000  0.0000  20.000   1  1.100  0.900;
    30  1     0.000     0.000     0.000     0.000   1  1.0000  0.0000 500.000   1  1.100  0.900;
    31  1     0.000     0.000     0.000     0.000   1  1.0000  0.0000 230.000   1  1.100  0.900;
    32  2     0.000     0.000     0.000     0.000   1  1.0000  0.0000  20.000   1  1.100  0.900;
    33  1   741.606   -65.877     0.000     0.000   1  1.0000  0.0000 500.000   1  1.100  0.900;
    34  1   756.558   -85.945     0.000     0.000   1  1.0000  0.0000 500.000   1  1.100  0.900;
    35  1   944.185   -69.616     0.000     0.000   1  1.0000  0.0000 500.000   1  1.100  0.900;
    36  1   924.912   -33.229     0.000     0.000   1  1.0000  0.0000 500.000   1  1.100  0.900;
    37  1     0.000     0.000     0.000     0.000   1  1.0000  0.0000 500.000   1  1.100  0.900;
    38  1   734.331   -20.175     0.000     0.000   1  1.0000  0.0000 230.000   1  1.100  0.900;
    39  1   659.215    36.185     0.000     0.000   1  1.0000  0.0000 230.000   1  1.100  0.900;
    40  1  1610.419    35.064     0.000     0.000   1  1.0000  0.0000 230.000   1  1.100  0.900;
    41  1  1554.955    64.200     0.000     0.000   1  1.0000  0.0000 230.000   1  1.100  0.900;
    42  1  1413.334    74.998     0.000     0.000   1  1.0000  0.0000 230.000   1  1.100  0.900;
    43  1  1411.456   -51.802     0.000     0.000   1  1.0000  0.0000 230.000   1  1.100  0.900;
    44  1   959.465   -65.677     0.000     0.000   1  1.0000  0.0000 230.000   1  1.100  0.900;
    45  2     0.000     0.000     0.000     0.000   1  1.0000  0.0000  20.000   1  1.100  0.900;
    46  2     0.000     0.000     0.000     0.000   1  1.0000  0.0000  20.000   1  1.100  0.900;
    47  3     0.000     0.000     0.000     0.000   1  1.0000  0.0000  20.000   1  1.100  0.900;
    48  2     0.000     0.000     0.000     0.000   1  1.0000  0.0000  20.000   1  1.100  0.900;
    49  1     0.000     0.000     0.000     0.000   1  1.0000  0.0000 500.000   1  1.100  0.900;
    50  1  2087.843    79.306     0.000     0.000   1  1.0000  0.0000 230.000   1  1.100  0.900;
    51  1  1646.515  -178.564     0.000     0.000   1  1.0000  0.0000 230.000   1  1.100  0.900;
    52  2     0.000     0.000     0.000     0.000   1  1.0000  0.0000  20.000   1  1.100  0.900;
    53  1 -1591.978     0.000     0.000     0.000   1  1.0000  0.0000 500.000   1  1.100  0.900;
    54  1     0.000     0.000     0.000     0.000   1  1.0000  0.0000 500.000   1  1.100  0.900;
    55  1    87.531   -11.190     0.000     0.000   1  1.0000  0.0000 500.000   1  1.100  0.900;
    56  1     0.000     0.000     0.000     0.000   1  1.0000  0.0000 500.000   1  1.100  0.900;
    57  1  1791.945     0.000     0.000     0.000   1  1.0000  0.0000 345.000   1  1.100  0.900;
    58  1     0.000     0.000     0.000     0.000   1  1.0000  0.0000 287.000   1  1.100  0.900;
    59  1     0.000     0.000     0.000     0.000   1  1.0000  0.0000 287.000   1  1.100  0.900;
    60  1     0.000     0.000     0.000     0.000   1  1.0000  0.0000 287.000   1  1.100  0.900;
    61  1    88.030   -11.318     0.000     0.000   1  1.0000  0.0000 230.000   1  1.100  0.900;
    62  1   120.790   -24.191     0.000     0.000   1  1.0000  0.0000 230.000   1  1.100  0.900;
    63  1    88.994   -11.567     0.000     0.000   1  1.0000  0.0000 230.000   1  1.100  0.900;
    64  1    88.030   -11.318     0.000     0.000   1  1.0000  0.0000 230.000   1  1.100  0.900;
    65  1   106.667   -21.743     0.000     0.000   1  1.0000  0.0000 230.000   1  1.100  0.900;
    66  1   287.725   -58.812     0.000     0.000   1  1.0000  0.0000 230.000   1  1.100  0.900;
    67  1   123.152   -24.956     0.000     0.000   1  1.0000  0.0000 230.000   1  1.100  0.900;
    68  1   718.654  -117.014     0.000     0.000   1  1.0000  0.0000 230.000   1  1.100  0.900;
    69  1   104.990   -21.629     0.000     0.000   1  1.0000  0.0000 230.000   1  1.100  0.900;
    70  1   108.473   -22.485     0.000     0.000   1  1.0000  0.0000 230.000   1  1.100  0.900;
    71  1   784.705     5.422     0.000     0.000   1  1.0000  0.0000 230.000   1  1.100  0.900;
    72  1 -2466.528     0.000     0.000     0.000   1  1.0000  0.0000 230.000   1  1.100  0.900;
    73  1   181.756   -15.454     0.000     0.000   1  1.0000  0.0000 230.000   1  1.100  0.900;
    74  1   209.415    55.132     0.000     0.000   1  1.0000  0.0000 138.000   1  1.100  0.900;
    75  2     0.000     0.000     0.000     0.000   1  1.0000  0.0000  20.000   1  1.100  0.900;
    76  2     0.000     0.000     0.000     0.000   1  1.0000  0.0000  20.000   1  1.100  0.900;
    77  2     0.000     0.000     0.000     0.000   1  1.0000  0.0000  20.000   1  1.100  0.900;
    78  2     0.000     0.000     0.000     0.000   1  1.0000  0.0000  20.000   1  1.100  0.900;
    79  2     0.000     0.000     0.000     0.000   1  1.0000  0.0000  20.000   1  1.100  0.900;
    80  1     0.000     0.000     0.000     0.000   1  1.0000  0.0000 500.000   1  1.100  0.900;
